Adjacency Listing
0,1
1,2
2,3
3,4
4,5
5,6
6,7
7,8
8,9
9,10
10,11
11,12
12,13
13,14
14,15
15,16
16,17
17,18
18,19
19,20
20,21
21,22
22,23
23,0
0,24
1,25
2,26
3,27
4,28
5,29
6,30
7,31
8,32
9,33
10,34
11,35
12,36
13,37
14,38
15,39
16,40
17,41
18,42
19,43
20,44
21,45
22,46
23,47
24,25
25,26
26,27
27,28
28,29
29,30
30,31
31,32
32,33
33,34
34,35
35,36
36,37
37,38
38,39
39,40
40,41
41,42
42,43
43,44
44,45
45,46
46,47
47,24
24,48
25,49
26,50
27,51
28,52
29,53
30,54
31,55
32,56
33,57
34,58
35,59
36,60
37,61
38,62
39,63
40,64
41,65
42,66
43,67
44,68
45,69
46,70
47,71
48,49
49,50
50,51
51,52
52,53
53,54
54,55
55,56
56,57
57,58
58,59
59,60
60,61
61,62
62,63
63,64
64,65
65,66
66,67
67,68
68,69
69,70
70,71
71,48