Adjacency Listing
0,1
1,2
2,3
3,4
4,5
5,6
6,7
7,8
8,9
9,10
10,11
11,12
12,13
13,14
14,15
15,16
16,17
17,18
18,0
0,19
1,20
2,21
3,22
4,23
5,24
6,25
7,26
8,27
9,28
10,29
11,30
12,31
13,32
14,33
15,34
16,35
17,36
18,37
19,20
20,21
21,22
22,23
23,24
24,25
25,26
26,27
27,28
28,29
29,30
30,31
31,32
32,33
33,34
34,35
35,36
36,37
37,19
19,38
20,39
21,40
22,41
23,42
24,43
25,44
26,45
27,46
28,47
29,48
30,49
31,50
32,51
33,52
34,53
35,54
36,55
37,56
38,39
39,40
40,41
41,42
42,43
43,44
44,45
45,46
46,47
47,48
48,49
49,50
50,51
51,52
52,53
53,54
54,55
55,56
56,38