Adjacency Listing
0,1
1,2
2,3
3,4
4,5
5,6
6,7
7,8
8,9
9,10
10,11
11,12
12,13
13,14
14,15
15,16
16,17
17,18
18,19
19,20
20,0
0,21
1,22
2,23
3,24
4,25
5,26
6,27
7,28
8,29
9,30
10,31
11,32
12,33
13,34
14,35
15,36
16,37
17,38
18,39
19,40
20,41
21,22
22,23
23,24
24,25
25,26
26,27
27,28
28,29
29,30
30,31
31,32
32,33
33,34
34,35
35,36
36,37
37,38
38,39
39,40
40,41
41,21
21,42
22,43
23,44
24,45
25,46
26,47
27,48
28,49
29,50
30,51
31,52
32,53
33,54
34,55
35,56
36,57
37,58
38,59
39,60
40,61
41,62
42,43
43,44
44,45
45,46
46,47
47,48
48,49
49,50
50,51
51,52
52,53
53,54
54,55
55,56
56,57
57,58
58,59
59,60
60,61
61,62
62,42