Adjacency Listing
0,1
1,2
2,3
3,4
4,5
5,6
6,7
7,8
8,9
9,10
10,11
11,12
12,13
13,14
14,15
15,16
16,17
17,18
18,19
19,20
20,21
21,22
22,23
23,24
24,25
25,26
26,0
0,27
1,28
2,29
3,30
4,31
5,32
6,33
7,34
8,35
9,36
10,37
11,38
12,39
13,40
14,41
15,42
16,43
17,44
18,45
19,46
20,47
21,48
22,49
23,50
24,51
25,52
26,53
27,28
28,29
29,30
30,31
31,32
32,33
33,34
34,35
35,36
36,37
37,38
38,39
39,40
40,41
41,42
42,43
43,44
44,45
45,46
46,47
47,48
48,49
49,50
50,51
51,52
52,53
53,27
27,54
28,55
29,56
30,57
31,58
32,59
33,60
34,61
35,62
36,63
37,64
38,65
39,66
40,67
41,68
42,69
43,70
44,71
45,72
46,73
47,74
48,75
49,76
50,77
51,78
52,79
53,80
54,55
55,56
56,57
57,58
58,59
59,60
60,61
61,62
62,63
63,64
64,65
65,66
66,67
67,68
68,69
69,70
70,71
71,72
72,73
73,74
74,75
75,76
76,77
77,78
78,79
79,80
80,54