Adjacency Listing
0,1
1,2
2,3
3,4
4,5
5,6
6,7
7,8
8,9
9,10
10,11
11,12
12,13
13,14
14,15
15,16
16,17
17,18
18,19
19,20
20,21
21,22
22,23
23,24
24,0
0,25
1,26
2,27
3,28
4,29
5,30
6,31
7,32
8,33
9,34
10,35
11,36
12,37
13,38
14,39
15,40
16,41
17,42
18,43
19,44
20,45
21,46
22,47
23,48
24,49
25,26
26,27
27,28
28,29
29,30
30,31
31,32
32,33
33,34
34,35
35,36
36,37
37,38
38,39
39,40
40,41
41,42
42,43
43,44
44,45
45,46
46,47
47,48
48,49
49,25
25,50
26,51
27,52
28,53
29,54
30,55
31,56
32,57
33,58
34,59
35,60
36,61
37,62
38,63
39,64
40,65
41,66
42,67
43,68
44,69
45,70
46,71
47,72
48,73
49,74
50,51
51,52
52,53
53,54
54,55
55,56
56,57
57,58
58,59
59,60
60,61
61,62
62,63
63,64
64,65
65,66
66,67
67,68
68,69
69,70
70,71
71,72
72,73
73,74
74,50