Adjacency Listing
0,1
1,2
2,3
3,4
4,5
5,6
6,7
7,8
8,9
9,10
10,11
11,12
12,13
13,14
14,15
15,16
16,17
17,18
18,19
19,20
20,21
21,22
22,23
23,24
24,25
25,26
26,27
27,28
28,29
29,30
30,31
31,0
0,32
1,33
2,34
3,35
4,36
5,37
6,38
7,39
8,40
9,41
10,42
11,43
12,44
13,45
14,46
15,47
16,48
17,49
18,50
19,51
20,52
21,53
22,54
23,55
24,56
25,57
26,58
27,59
28,60
29,61
30,62
31,63
32,33
33,34
34,35
35,36
36,37
37,38
38,39
39,40
40,41
41,42
42,43
43,44
44,45
45,46
46,47
47,48
48,49
49,50
50,51
51,52
52,53
53,54
54,55
55,56
56,57
57,58
58,59
59,60
60,61
61,62
62,63
63,32
32,64
33,65
34,66
35,67
36,68
37,69
38,70
39,71
40,72
41,73
42,74
43,75
44,76
45,77
46,78
47,79
48,80
49,81
50,82
51,83
52,84
53,85
54,86
55,87
56,88
57,89
58,90
59,91
60,92
61,93
62,94
63,95
64,65
65,66
66,67
67,68
68,69
69,70
70,71
71,72
72,73
73,74
74,75
75,76
76,77
77,78
78,79
79,80
80,81
81,82
82,83
83,84
84,85
85,86
86,87
87,88
88,89
89,90
90,91
91,92
92,93
93,94
94,95
95,64