Adjacency Listing
0,1
1,2
2,3
3,4
4,5
5,6
6,7
7,8
8,9
9,10
10,11
11,12
12,13
13,14
14,15
15,16
16,17
17,18
18,19
19,20
20,21
21,22
22,23
23,24
24,25
25,26
26,27
27,28
28,29
29,30
30,31
31,32
32,33
33,34
34,35
35,36
36,37
37,38
38,0
0,39
1,40
2,41
3,42
4,43
5,44
6,45
7,46
8,47
9,48
10,49
11,50
12,51
13,52
14,53
15,54
16,55
17,56
18,57
19,58
20,59
21,60
22,61
23,62
24,63
25,64
26,65
27,66
28,67
29,68
30,69
31,70
32,71
33,72
34,73
35,74
36,75
37,76
38,77
39,42
40,43
41,44
42,45
43,46
44,47
45,48
46,49
47,50
48,51
49,52
50,53
51,54
52,55
53,56
54,57
55,58
56,59
57,60
58,61
59,62
60,63
61,64
62,65
63,66
64,67
65,68
66,69
67,70
68,71
69,72
70,73
71,74
72,75
73,76
74,77
75,39
76,40
77,41