Adjacency Listing
0,1
1,2
2,3
3,4
4,5
5,6
6,7
7,8
8,9
9,10
10,11
11,12
12,13
13,14
14,15
15,16
16,17
17,18
18,19
19,20
20,21
21,22
22,23
23,24
24,25
25,26
26,27
27,28
28,29
29,30
30,31
31,0
0,32
1,33
2,34
3,35
4,36
5,37
6,38
7,39
8,40
9,41
10,42
11,43
12,44
13,45
14,46
15,47
16,48
17,49
18,50
19,51
20,52
21,53
22,54
23,55
24,56
25,57
26,58
27,59
28,60
29,61
30,62
31,63
32,35
33,36
34,37
35,38
36,39
37,40
38,41
39,42
40,43
41,44
42,45
43,46
44,47
45,48
46,49
47,50
48,51
49,52
50,53
51,54
52,55
53,56
54,57
55,58
56,59
57,60
58,61
59,62
60,63
61,32
62,33
63,34