Adjacency Listing
0,1
1,2
2,3
3,4
4,5
5,6
6,7
7,8
8,9
9,10
10,11
11,12
12,13
13,14
14,15
15,16
16,17
17,18
18,19
19,20
20,21
21,22
22,23
23,24
24,25
25,26
26,27
27,28
28,29
29,30
30,31
31,32
32,33
33,34
34,0
0,35
1,36
2,37
3,38
4,39
5,40
6,41
7,42
8,43
9,44
10,45
11,46
12,47
13,48
14,49
15,50
16,51
17,52
18,53
19,54
20,55
21,56
22,57
23,58
24,59
25,60
26,61
27,62
28,63
29,64
30,65
31,66
32,67
33,68
34,69
35,38
36,39
37,40
38,41
39,42
40,43
41,44
42,45
43,46
44,47
45,48
46,49
47,50
48,51
49,52
50,53
51,54
52,55
53,56
54,57
55,58
56,59
57,60
58,61
59,62
60,63
61,64
62,65
63,66
64,67
65,68
66,69
67,35
68,36
69,37