Adjacency Listing
0,1
1,2
2,3
3,4
4,5
5,6
6,7
7,8
8,9
9,10
10,11
11,12
12,13
13,14
14,15
15,16
16,17
17,18
18,19
19,20
20,21
21,0
0,22
1,23
2,24
3,25
4,26
5,27
6,28
7,29
8,30
9,31
10,32
11,33
12,34
13,35
14,36
15,37
16,38
17,39
18,40
19,41
20,42
21,43
22,23
23,24
24,25
25,26
26,27
27,28
28,29
29,30
30,31
31,32
32,33
33,34
34,35
35,36
36,37
37,38
38,39
39,40
40,41
41,42
42,43
43,22
22,44
23,45
24,46
25,47
26,48
27,49
28,50
29,51
30,52
31,53
32,54
33,55
34,56
35,57
36,58
37,59
38,60
39,61
40,62
41,63
42,64
43,65
44,45
45,46
46,47
47,48
48,49
49,50
50,51
51,52
52,53
53,54
54,55
55,56
56,57
57,58
58,59
59,60
60,61
61,62
62,63
63,64
64,65
65,44