Adjacency Listing
0,1
1,2
2,3
3,4
4,5
5,6
6,7
7,8
8,9
9,10
10,11
11,12
12,13
13,14
14,15
15,16
16,17
17,18
18,19
19,20
20,21
21,22
22,23
23,24
24,25
25,26
26,27
27,28
28,29
29,30
30,31
31,32
32,33
33,0
0,34
1,35
2,36
3,37
4,38
5,39
6,40
7,41
8,42
9,43
10,44
11,45
12,46
13,47
14,48
15,49
16,50
17,51
18,52
19,53
20,54
21,55
22,56
23,57
24,58
25,59
26,60
27,61
28,62
29,63
30,64
31,65
32,66
33,67
34,37
35,38
36,39
37,40
38,41
39,42
40,43
41,44
42,45
43,46
44,47
45,48
46,49
47,50
48,51
49,52
50,53
51,54
52,55
53,56
54,57
55,58
56,59
57,60
58,61
59,62
60,63
61,64
62,65
63,66
64,67
65,34
66,35
67,36