Adjacency Listing
0,1
1,2
2,3
3,4
4,5
5,6
6,7
7,8
8,9
9,10
10,11
11,12
12,13
13,14
14,15
15,16
16,17
17,18
18,19
19,20
20,21
21,22
22,23
23,24
24,25
25,26
26,27
27,28
28,29
29,30
30,31
31,32
32,33
33,34
34,35
35,36
36,37
37,0
0,38
1,39
2,40
3,41
4,42
5,43
6,44
7,45
8,46
9,47
10,48
11,49
12,50
13,51
14,52
15,53
16,54
17,55
18,56
19,57
20,58
21,59
22,60
23,61
24,62
25,63
26,64
27,65
28,66
29,67
30,68
31,69
32,70
33,71
34,72
35,73
36,74
37,75
38,41
39,42
40,43
41,44
42,45
43,46
44,47
45,48
46,49
47,50
48,51
49,52
50,53
51,54
52,55
53,56
54,57
55,58
56,59
57,60
58,61
59,62
60,63
61,64
62,65
63,66
64,67
65,68
66,69
67,70
68,71
69,72
70,73
71,74
72,75
73,38
74,39
75,40