Adjacency Listing
0,1
1,2
2,3
3,4
4,5
5,6
6,7
7,8
8,9
9,10
10,11
11,12
12,13
13,14
14,15
15,16
16,17
17,18
18,19
19,20
20,21
21,22
22,23
23,24
24,25
25,26
26,27
27,28
28,29
29,30
30,31
31,32
32,33
33,34
34,35
35,36
36,0
0,37
1,38
2,39
3,40
4,41
5,42
6,43
7,44
8,45
9,46
10,47
11,48
12,49
13,50
14,51
15,52
16,53
17,54
18,55
19,56
20,57
21,58
22,59
23,60
24,61
25,62
26,63
27,64
28,65
29,66
30,67
31,68
32,69
33,70
34,71
35,72
36,73
37,40
38,41
39,42
40,43
41,44
42,45
43,46
44,47
45,48
46,49
47,50
48,51
49,52
50,53
51,54
52,55
53,56
54,57
55,58
56,59
57,60
58,61
59,62
60,63
61,64
62,65
63,66
64,67
65,68
66,69
67,70
68,71
69,72
70,73
71,37
72,38
73,39