Adjacency Listing
0,1
1,2
2,3
3,4
4,5
5,6
6,7
7,8
8,9
9,10
10,11
11,12
12,13
13,14
14,15
15,16
16,17
17,0
0,18
1,19
2,20
3,21
4,22
5,23
6,24
7,25
8,26
9,27
10,28
11,29
12,30
13,31
14,32
15,33
16,34
17,35
18,19
19,20
20,21
21,22
22,23
23,24
24,25
25,26
26,27
27,28
28,29
29,30
30,31
31,32
32,33
33,34
34,35
35,18
18,36
19,37
20,38
21,39
22,40
23,41
24,42
25,43
26,44
27,45
28,46
29,47
30,48
31,49
32,50
33,51
34,52
35,53
36,37
37,38
38,39
39,40
40,41
41,42
42,43
43,44
44,45
45,46
46,47
47,48
48,49
49,50
50,51
51,52
52,53
53,36