Adjacency Listing
0,1
1,2
2,3
3,4
4,5
5,6
6,7
7,8
8,9
9,10
10,11
11,12
12,13
13,14
14,15
15,16
16,17
17,18
18,19
19,20
20,21
21,22
22,23
23,24
24,25
25,26
26,27
27,28
28,29
29,0
0,30
1,31
2,32
3,33
4,34
5,35
6,36
7,37
8,38
9,39
10,40
11,41
12,42
13,43
14,44
15,45
16,46
17,47
18,48
19,49
20,50
21,51
22,52
23,53
24,54
25,55
26,56
27,57
28,58
29,59
30,45
31,46
32,47
33,48
34,49
35,50
36,51
37,52
38,53
39,54
40,55
41,56
42,57
43,58
44,59
45,30
46,31
47,32
48,33
49,34
50,35
51,36
52,37
53,38
54,39
55,40
56,41
57,42
58,43
59,44