Adjacency Listing
0,1
1,2
2,3
3,4
4,5
5,6
6,7
7,8
8,9
9,10
10,11
11,12
12,13
13,14
14,15
15,16
16,17
17,18
18,19
19,20
20,21
21,22
22,23
23,24
24,25
25,26
26,27
27,28
28,29
29,30
30,31
31,32
32,33
33,34
34,35
35,36
36,37
37,38
38,39
39,0
0,40
1,41
2,42
3,43
4,44
5,45
6,46
7,47
8,48
9,49
10,50
11,51
12,52
13,53
14,54
15,55
16,56
17,57
18,58
19,59
20,60
21,61
22,62
23,63
24,64
25,65
26,66
27,67
28,68
29,69
30,70
31,71
32,72
33,73
34,74
35,75
36,76
37,77
38,78
39,79
40,43
41,44
42,45
43,46
44,47
45,48
46,49
47,50
48,51
49,52
50,53
51,54
52,55
53,56
54,57
55,58
56,59
57,60
58,61
59,62
60,63
61,64
62,65
63,66
64,67
65,68
66,69
67,70
68,71
69,72
70,73
71,74
72,75
73,76
74,77
75,78
76,79
77,40
78,41
79,42