Adjacency Listing
0,1
1,2
2,3
3,4
4,5
5,6
6,7
7,8
8,9
9,10
10,11
11,12
12,13
13,14
14,15
15,16
16,17
17,18
18,19
19,20
20,21
21,22
22,23
23,24
24,25
25,26
26,27
27,28
28,29
29,30
30,31
31,32
32,33
33,34
34,35
35,0
0,36
1,37
2,38
3,39
4,40
5,41
6,42
7,43
8,44
9,45
10,46
11,47
12,48
13,49
14,50
15,51
16,52
17,53
18,54
19,55
20,56
21,57
22,58
23,59
24,60
25,61
26,62
27,63
28,64
29,65
30,66
31,67
32,68
33,69
34,70
35,71
36,39
37,40
38,41
39,42
40,43
41,44
42,45
43,46
44,47
45,48
46,49
47,50
48,51
49,52
50,53
51,54
52,55
53,56
54,57
55,58
56,59
57,60
58,61
59,62
60,63
61,64
62,65
63,66
64,67
65,68
66,69
67,70
68,71
69,36
70,37
71,38